Y_r:
-1.240247313560
3.326932995973
-0.104307223227
1.234961350833
-3.667897188002
14.201320386877
7.610420417586
7.629495677562
2.658406727416
9.442339547166
-2.114247980602
-1.377389270039
9.658717717212
-2.306459529536
3.351076339754
2.454716368826
-0.747764125368
0.561701659809
3.592581682392
0.630533414811
-2.761124198772
8.051373181775
1.661028115853
-0.431512634225
-0.397954869368
6.037227594222
0.086578781514
0.742378459272
0.956795977129
0.327123880875
0.873142723032
-3.367191867575
5.527667758836
-7.368573658182
2.107141635185
-6.002220249289
1.145599390249
-3.165988713202
-1.261149038067
1.323837128054
-7.417891600352
7.611491217679
-4.103712999445
0.378175954916
-3.897410467369
-3.750145422005
11.073006246424
1.604873871391
-3.293956435099
-5.304137066449
3.924990716540
2.291854585389
1.098673767695
-3.719374413904
-6.328922315194
-3.520410454044
3.925430738808
-0.709839076917
-3.945200192148
10.255015778818
5.773688323028
-0.539620558142
6.947006176847
5.679569285809
-0.138299679408
12.739443040839
1.244775725167
-5.269939236292
-0.441143972981
2.733606234851
12.889468207274
2.107655988442
2.080143261067
3.791001545531
0.478842644635
1.590539654256
3.860015040716
12.398619487607
5.874535088690
8.349190115673
-3.334757829591
8.399891241594
2.720838793070
-7.514505686646
4.155029388806
-0.570497433693
7.546958709699
-2.463328951536
-1.828490131982
-4.308916281862
-0.182631615357
3.430524685004
-1.897934296434
4.430741540518
-1.668992604431
-4.003895582672
10.191971618058
-2.719489960947
4.606450010791
0.136790629008
X_r:
1.000000000000 1.000000000000 
-0.620366677224 0.042115873144 
0.000000000000 0.000000000000 
0.000000000000 0.000000000000 
0.000000000000 0.000000000000 
0.000000000000 0.000000000000 
0.000000000000 0.000000000000 
0.000000000000 0.000000000000 
0.000000000000 0.000000000000 
0.000000000000 0.000000000000 
0.000000000000 0.000000000000 
0.000000000000 0.000000000000 
0.000000000000 0.000000000000 
0.000000000000 0.000000000000 
0.000000000000 0.000000000000 
1.323837128054 -7.417891600352 
0.000000000000 0.000000000000 
0.000000000000 0.000000000000 
0.000000000000 0.000000000000 
0.000000000000 0.000000000000 
0.000000000000 0.000000000000 
0.000000000000 0.000000000000 
0.000000000000 0.000000000000 
0.000000000000 0.000000000000 
0.000000000000 0.000000000000 
0.000000000000 0.000000000000 
0.000000000000 0.000000000000 
0.000000000000 0.000000000000 
0.000000000000 0.000000000000 
0.000000000000 0.000000000000 
0.000000000000 0.000000000000 
0.000000000000 0.000000000000 
0.000000000000 0.000000000000 
0.000000000000 0.000000000000 
0.000000000000 0.000000000000 
0.000000000000 0.000000000000 
0.000000000000 0.000000000000 
0.000000000000 0.000000000000 
0.000000000000 0.000000000000 
0.000000000000 0.000000000000 
0.000000000000 0.000000000000 
0.000000000000 0.000000000000 
0.000000000000 0.000000000000 
0.000000000000 0.000000000000 
0.000000000000 0.000000000000 
0.000000000000 0.000000000000 
0.000000000000 0.000000000000 
0.000000000000 0.000000000000 
0.000000000000 0.000000000000 
0.000000000000 0.000000000000 
0.000000000000 0.000000000000 
0.000000000000 0.000000000000 
0.000000000000 0.000000000000 
0.000000000000 0.000000000000 
0.000000000000 0.000000000000 
1.000000000000 1.000000000000 
0.830373167982 -1.208082786304 
0.000000000000 0.000000000000 
0.000000000000 0.000000000000 
0.000000000000 0.000000000000 
0.000000000000 0.000000000000 
0.000000000000 0.000000000000 
0.000000000000 0.000000000000 
0.000000000000 0.000000000000 
0.000000000000 0.000000000000 
0.000000000000 0.000000000000 
0.000000000000 0.000000000000 
0.000000000000 0.000000000000 
0.000000000000 0.000000000000 
0.000000000000 0.000000000000 
0.000000000000 0.000000000000 
0.000000000000 0.000000000000 
0.000000000000 0.000000000000 
0.000000000000 0.000000000000 
0.000000000000 0.000000000000 
-nan 0.000000000000 
0.000000000000 0.000000000000 
0.000000000000 0.000000000000 
0.000000000000 0.000000000000 
0.000000000000 0.000000000000 
0.000000000000 0.000000000000 
0.000000000000 0.000000000000 
0.000000000000 0.000000000000 
0.000000000000 0.000000000000 
0.000000000000 0.000000000000 
0.000000000000 0.000000000000 
0.000000000000 0.000000000000 
0.000000000000 0.000000000000 
0.000000000000 0.000000000000 
0.000000000000 0.000000000000 
0.000000000000 0.000000000000 
0.000000000000 0.000000000000 
0.000000000000 0.000000000000 
0.000000000000 0.000000000000 
0.000000000000 0.000000000000 
0.000000000000 0.000000000000 
0.000000000000 0.000000000000 
0.000000000000 0.000000000000 
0.000000000000 0.000000000000 
0.000000000000 0.000000000000 
p_r: 2
n_r: 100
coordsD_r:
0.000000000000 0.319820469978 0.492212519713 0.726139944652 0.067265093546 0.771669996262 0.858639365848 0.432947037743 0.452502582600 0.211269179658 0.326913339553 0.117694558123 0.516213549266 0.252795284060 0.714777103695 0.682365376283 0.456185354670 0.912057707044 0.237830572514 0.512145358570 0.749313260336 0.167840440474 0.422079286592 0.501217490645 0.100111655973 0.234259965541 0.290123154300 0.462200888953 0.739302484229 0.095307311449 0.230823509884 0.667296591353 0.659838545204 0.080183290360 0.625066652203 0.406918097028 0.536991125082 0.203443982292 0.564884523723 0.207076808248 0.556146166444 0.385240147507 0.663824741629 0.489826905273 0.274536763718 0.561499910568 0.537274006517 0.230835940708 0.721191350841 0.475966659996 0.215864266777 0.603637531535 0.368819688960 0.202653622139 0.248519233889 0.502106668493 0.135000839510 0.632323307693 0.547096221260 0.464066106464 0.745610572653 0.242006474450 0.284485210502 0.142000165498 0.446690406433 0.241715850365 0.628144611358 0.593897763122 0.193951282882 0.687334961617 0.077476894365 0.603285095294 0.217150705167 0.272068411645 0.345914310993 0.671332097722 0.598921251835 0.151501245357 0.514192516356 0.738145327990 0.398658380807 0.643904564923 0.267925016821 0.162783575733 0.539519826455 0.469749259263 0.457447042152 0.159849307150 0.289693494784 0.162479056890 0.062617960655 0.336649053222 0.669860861867 0.668825315365 0.633712566094 0.535655424964 0.576491528826 0.235409034444 0.640957654005 0.362802577747 
0.319820469978 0.000000000000 0.217188591967 0.834463475001 0.328049246415 0.544566465373 0.614746018001 0.314543817752 0.626054877249 0.395741042201 0.644749163518 0.426123062905 0.314918727920 0.079187838488 0.447435322502 0.362561132153 0.500677208958 0.668308676992 0.093422653527 0.496587503758 0.851093723412 0.214174576829 0.308786400527 0.305136055467 0.415097894750 0.101665414285 0.391975874530 0.146013363069 0.512916036538 0.244587481277 0.247447251695 0.357741811170 0.340070523594 0.344134103074 0.733728713484 0.384438177946 0.470449379402 0.315692226970 0.723124106131 0.159329479843 0.556840768687 0.370492484717 0.426421093616 0.204353266183 0.407795168470 0.428903163000 0.391619011178 0.407296380028 0.437429698729 0.603544295389 0.281929507440 0.529910660531 0.070347695187 0.161860766896 0.335484286497 0.322552609211 0.185062658694 0.314174571488 0.299537130128 0.144720920771 0.545061685668 0.547556068911 0.127337976358 0.428632805679 0.596551225690 0.128886277137 0.308336465649 0.394584397506 0.469217068542 0.503438626614 0.279180135939 0.675248303824 0.503577419987 0.054101592851 0.107742492335 0.751339124349 0.571861997440 0.388292600603 0.477223186097 0.805417959685 0.086296218882 0.376947644817 0.533981498823 0.157258642852 0.650097136001 0.235805596207 0.528079421992 0.447862779732 0.603953064331 0.300281382982 0.382243966315 0.315218536718 0.369670468590 0.764041122701 0.412763620221 0.486959477967 0.256678128136 0.488786024572 0.440158788735 0.488674562452 
0.492212519713 0.217188591967 0.000000000000 0.796466512068 0.519332774412 0.330497849634 0.397619039783 0.225696974717 0.656230473516 0.607537951896 0.795556251093 0.608328142216 0.143217221641 0.248226178157 0.231732931655 0.267938456487 0.468245992777 0.451131412682 0.261081159783 0.422658395284 0.807225042081 0.425308672788 0.228137936052 0.457656452529 0.572896597636 0.261903597880 0.609127520128 0.200524926891 0.299738582110 0.399971483313 0.317849469080 0.195033739332 0.247757294706 0.536907623955 0.705841189233 0.341490730390 0.365354541263 0.530620502769 0.730580042829 0.287154683281 0.481382797390 0.339490503837 0.212411812594 0.023216065061 0.461071519419 0.283038297853 0.557696122417 0.485939400468 0.229657598104 0.606255068789 0.357309912680 0.406768373723 0.146913267341 0.375583157205 0.552414931781 0.481753767901 0.364838567318 0.202382378520 0.089466277232 0.175718299456 0.340332884929 0.684396106900 0.209558797069 0.563595329767 0.615324826276 0.345734311918 0.226972048293 0.204157626321 0.666608951652 0.309876737056 0.429376494708 0.629581426355 0.628011344292 0.267999062394 0.146506437415 0.702024106366 0.474216991854 0.505083398288 0.392505929362 0.742175463495 0.140172712783 0.160456500949 0.639977601783 0.339974746625 0.634149169035 0.378934067158 0.507058874576 0.640218311295 0.748814002005 0.511327260485 0.553123924936 0.527436583247 0.183066018456 0.723716306365 0.206469240191 0.391127448426 0.198475850440 0.593022217283 0.242750205930 0.513594052640 
0.726139944652 0.834463475001 0.796466512068 0.000000000000 0.792588681369 0.779537756835 0.864081588141 0.570955254697 0.287403192630 0.933597768169 0.702427348306 0.776773867426 0.673323306175 0.767881604254 0.855733052090 1.062142238459 0.336331172369 0.893428981881 0.759946677363 0.376050039973 0.026510925222 0.855339585727 0.569397670113 1.133005845350 0.683698290110 0.750249927815 1.016146780933 0.944949556426 0.764996182373 0.692856716367 0.596784339412 0.966239754061 1.043106867212 0.802304083943 0.103145677483 0.461712392453 0.446570843684 0.926385918210 0.184652852349 0.694412512913 0.321947338291 0.470309250417 0.764154084490 0.815882141578 0.461106733249 0.553035255553 1.204743334628 0.496236646224 0.904955055650 0.250698303285 0.572991905255 0.438053023033 0.813496291502 0.855120186783 0.971471900429 1.145910555808 0.751536314122 0.996697321191 0.756133589472 0.927229953277 0.707908971806 0.622304097392 0.707343492592 0.613841740064 0.280679653503 0.870998260741 1.023435266203 0.672340779239 0.866746786523 0.655893708788 0.674651012310 0.166895463652 0.577889347029 0.831603632113 0.749184147226 0.098547728505 0.351119496294 0.576068949524 0.408895061396 0.103804762940 0.844265692892 0.824970389466 0.519197801146 0.761037980918 0.190281213281 1.069275013758 0.306384341607 0.830981646454 0.664525278896 0.884949479296 0.725206477961 1.042024166572 0.930612669687 0.072765892142 0.721136759681 0.417123192878 0.991787925220 0.520850339918 0.681705350481 0.368788820760 
0.067265093546 0.328049246415 0.519332774412 0.792588681369 0.000000000000 0.813659194154 0.897873597999 0.484694580505 0.516851669276 0.144142735931 0.342704315925 0.101459433487 0.558708706010 0.272194079051 0.747197120512 0.687416813546 0.522423675279 0.951673208067 0.258567320787 0.575801206323 0.815925580140 0.138295869453 0.474063821455 0.466306929841 0.137897541998 0.257430734493 0.224536767043 0.462694818770 0.781106513776 0.143721881832 0.286460418262 0.684050214923 0.665379071424 0.018046521328 0.691799587390 0.468125277902 0.596987917364 0.142603338855 0.629395130571 0.244474131458 0.621223253017 0.446522933625 0.702553267194 0.514121105620 0.341744749636 0.614893495186 0.491842278688 0.297896202307 0.748924769194 0.542692008050 0.276580670888 0.663930283482 0.385673362969 0.185443573113 0.186720828900 0.464024974988 0.154655324121 0.641923343614 0.581761503884 0.468137995683 0.792079874249 0.277280634298 0.318295388834 0.196330378491 0.512680687480 0.227455788367 0.633398807602 0.638445811473 0.148097670724 0.735753892210 0.137425506608 0.670548305336 0.265694014108 0.275821367026 0.373432614756 0.738533574221 0.662745910023 0.216874092071 0.576328601429 0.805395449093 0.411967851917 0.675662829437 0.321427146189 0.179539214754 0.606463941931 0.444300790719 0.524457806604 0.121162808118 0.313309166344 0.103815174984 0.086966478949 0.283196458972 0.691243913177 0.735793194938 0.675189044944 0.597171276382 0.581357847577 0.293745053667 0.686053434511 0.430022665175 
0.771669996262 0.544566465373 0.330497849634 0.779537756835 0.813659194154 0.000000000000 0.095764265037 0.355847104823 0.760158086560 0.921171134675 1.030315753622 0.888803993058 0.255486946144 0.558685876182 0.144045864670 0.447889575630 0.533892975268 0.144397290030 0.568344890587 0.443694849899 0.779476908441 0.742075944820 0.366587503253 0.773856976994 0.831696316121 0.566000605097 0.933812077835 0.516032802262 0.032593344510 0.676549047394 0.551465821395 0.328376036031 0.442117596831 0.831705701480 0.718923217117 0.448330766220 0.362956387021 0.850094740242 0.791405294065 0.569185793988 0.475923105220 0.462567936666 0.118274107216 0.348267362066 0.634254201576 0.263026223520 0.875886715579 0.679696365273 0.198224356317 0.683033608864 0.581548776494 0.345955106821 0.474579280393 0.696237194141 0.876132183435 0.799577881649 0.662559067596 0.404029113360 0.245038979170 0.491559760911 0.073033439964 0.911446628399 0.497299920664 0.800990787554 0.711830789024 0.670853108553 0.445633939291 0.179991963826 0.960966641814 0.126527862477 0.697779377327 0.630169690170 0.847189702056 0.592053757171 0.453983443565 0.682265383653 0.432450232688 0.732883335117 0.410361343886 0.692674365139 0.470669198331 0.187166326473 0.837647759933 0.642299163070 0.678721182218 0.696111780310 0.576177010825 0.929880452082 0.979762503548 0.825834666679 0.826137379463 0.857644819834 0.279655314409 0.714436483905 0.138483533784 0.390668275019 0.454894188506 0.794950481411 0.136504131278 0.640788602357 
0.858639365848 0.614746018001 0.397619039783 0.864081588141 0.897873597999 0.095764265037 0.000000000000 0.449677634662 0.855061605301 0.999909325259 1.123719784955 0.976174220362 0.343620238504 0.636793282182 0.175845928443 0.461857166684 0.628631726417 0.054005260608 0.647496445072 0.537410169903 0.862523896439 0.818976321416 0.460281083868 0.820304834173 0.922025315093 0.645992148977 1.006509271140 0.567695342533 0.124419985113 0.763336695336 0.642233907728 0.349051072577 0.460788728213 0.915893748119 0.807804978469 0.544049317896 0.456998437515 0.925988838542 0.883791192542 0.653914558760 0.567078327922 0.558138131767 0.195320466317 0.412272796215 0.729460730690 0.358582295788 0.922479460711 0.774336045750 0.213756949279 0.777145023318 0.673520969320 0.435853666937 0.544411403295 0.771134979249 0.949505828971 0.846776281173 0.745048794700 0.429461733663 0.319249315930 0.544261654958 0.158637934726 1.005099208755 0.579843748522 0.893411554507 0.806655345126 0.742977117986 0.470718404763 0.272575461532 1.045750043211 0.219488290739 0.786000663309 0.718985301344 0.941155286123 0.664707737107 0.531403253309 0.767868341046 0.521172294847 0.825748661462 0.504497732895 0.773873500578 0.535844742893 0.240267839213 0.932654963991 0.723472558538 0.770858257869 0.744390607900 0.670708424733 1.015616657242 1.073327565854 0.903962743141 0.914465003400 0.922981135131 0.303727031246 0.800856578469 0.226162596437 0.484172548027 0.489769950166 0.889663012376 0.231236841984 0.736518432076 
0.432947037743 0.314543817752 0.225696974717 0.570955254697 0.484694580505 0.355847104823 0.449677634662 0.000000000000 0.447080532238 0.611039704728 0.674478029291 0.546662716262 0.124191618165 0.280598121061 0.347460492786 0.492812099581 0.244151923069 0.500208017916 0.282561548045 0.199612420578 0.582180491888 0.448995486616 0.011048951357 0.615883126913 0.481110645130 0.275749644978 0.648250597019 0.388228981467 0.325371395787 0.341344064879 0.203227400523 0.405701105743 0.473127398651 0.502339549405 0.480307299409 0.120219243528 0.157034274167 0.554926182373 0.510865868530 0.251263930288 0.259879529076 0.124185360660 0.268620932657 0.244931554540 0.283334982214 0.131072239115 0.705809719947 0.325319002457 0.379922125468 0.387744149795 0.228459726690 0.215435379316 0.268138479989 0.416750235131 0.590540809071 0.635178525020 0.348355806852 0.427191266939 0.200365738881 0.367350694413 0.317677395163 0.555608480580 0.204235975783 0.446063007367 0.402623406224 0.407991103709 0.452623901538 0.177416005895 0.626685057782 0.256439772850 0.355950812005 0.404124844834 0.491489674685 0.338335681445 0.208688771293 0.477187974822 0.262775378856 0.377472373110 0.172492657190 0.520082875222 0.291783180146 0.291482598325 0.484514386083 0.336392478238 0.410395384479 0.541606867680 0.284471541549 0.592738279518 0.623916239668 0.522143325347 0.481626236983 0.608439412145 0.377698720619 0.498190974969 0.227885870284 0.176865534423 0.421290125300 0.440662172568 0.219479284025 0.309811601409 
0.452502582600 0.626054877249 0.656230473516 0.287403192630 0.516851669276 0.760158086560 0.855061605301 0.447080532238 0.000000000000 0.653979875485 0.426334407354 0.491711758375 0.570295257495 0.550168689987 0.788522319396 0.920426635672 0.226514446873 0.897484734486 0.538816926850 0.320379531382 0.313014302792 0.597880527749 0.440303269041 0.903891705952 0.399516671526 0.529261041613 0.741354144616 0.757817973340 0.735853970277 0.437272416814 0.378894711715 0.847525332373 0.898817245660 0.524666677071 0.198311266031 0.328348792941 0.398950733307 0.655789460533 0.112570450470 0.469968347278 0.308251090480 0.323032139362 0.702258624456 0.670240262293 0.218660935777 0.497989196469 0.963273331195 0.233518863128 0.825562481676 0.087126068169 0.344524562484 0.434159943534 0.625192904489 0.607854184414 0.700938646071 0.912625428956 0.503444427796 0.855958559756 0.647154905356 0.745294863318 0.699431785920 0.336759962158 0.507194913487 0.329854803573 0.048597497642 0.631492951087 0.873343308556 0.604365407049 0.580533995212 0.636044295893 0.412747189944 0.226280164104 0.290487939541 0.609106447274 0.564638224224 0.264637425206 0.365507777591 0.301111270546 0.351539724448 0.332167986367 0.659656373183 0.737544949158 0.232188189237 0.518930837291 0.136336740414 0.849638394722 0.185126142795 0.545259224388 0.384128472540 0.614580329216 0.443601804173 0.781991756239 0.823306754569 0.247176242757 0.658117512084 0.373513867399 0.832075992360 0.234430460554 0.632776105739 0.143278337846 
0.211269179658 0.395741042201 0.607537951896 0.933597768169 0.144142735931 0.921171134675 0.999909325259 0.611039704728 0.653979875485 0.000000000000 0.404015308815 0.175697625052 0.670448551356 0.363144007291 0.839247795614 0.730099413843 0.666152651631 1.053906629817 0.352890191501 0.716851962391 0.957338786978 0.182347230227 0.600880383874 0.430072554420 0.257988388351 0.355210561311 0.100071884925 0.505801626888 0.888642730996 0.278579411770 0.420972195549 0.749249076391 0.709668666755 0.131993164660 0.833623022098 0.606680836083 0.733431426976 0.086143056191 0.766419228659 0.361171250178 0.763796109559 0.585280526884 0.805961985845 0.597772184487 0.485802978579 0.742111584777 0.425375982628 0.440997723248 0.832717949739 0.684640839398 0.416136609732 0.800504929223 0.463142544036 0.233882419416 0.098721339128 0.419589890039 0.263707877724 0.694799874437 0.680666472794 0.517782527732 0.907155480045 0.376234629308 0.425552626612 0.325685459150 0.653042235257 0.270124821037 0.678131409491 0.752108737701 0.126967423460 0.854421637788 0.279087474007 0.814394882833 0.383935022086 0.342042820055 0.468513219721 0.881819633740 0.803845058770 0.357731338996 0.715564338278 0.948951804674 0.481744984658 0.767791905377 0.444016036003 0.280307390125 0.748927429384 0.433128048461 0.668599865407 0.139279262220 0.390828060489 0.096217887857 0.210697223321 0.209875244710 0.764771116297 0.878249242330 0.783473908612 0.735568127189 0.627190452794 0.423972316881 0.799983694542 0.573496250553 
0.326913339553 0.644749163518 0.795556251093 0.702427348306 0.342704315925 1.030315753622 1.123719784955 0.674478029291 0.426334407354 0.404015308815 0.000000000000 0.246142447817 0.784294612922 0.573083604955 1.001729577770 1.006305936661 0.574190114087 1.174646207128 0.557742444196 0.662964183969 0.728899069263 0.480616696557 0.663728734369 0.806746622321 0.229666706375 0.552468674504 0.503303623608 0.788610782424 0.999647089643 0.403491395915 0.487108563812 0.981481654191 0.983605428673 0.333960123058 0.623215792333 0.597362688234 0.720073034711 0.460693782584 0.517813284128 0.511534294850 0.681368897847 0.578708707779 0.936213124514 0.797485232677 0.407125554475 0.783894747116 0.821602077488 0.355298655926 1.017837329736 0.499392296963 0.452207784382 0.777755183606 0.687749266180 0.524478082180 0.494594428302 0.802404527501 0.459960336615 0.953607775871 0.834114499619 0.789449943371 0.988795286176 0.119382661977 0.587270490461 0.233390041863 0.455041179026 0.565446492542 0.952207741131 0.851147171238 0.280260547140 0.925082714257 0.370489921055 0.647807344665 0.184955041364 0.598612830457 0.654166954937 0.690955584050 0.737273376592 0.298546108412 0.681159973329 0.758174590028 0.719737367654 0.934166742755 0.213759945484 0.487668287127 0.559954002699 0.786983917390 0.550205990764 0.265409611342 0.051128135993 0.433082514605 0.266559927991 0.605393837845 0.978016085944 0.672073688026 0.899123852789 0.705947346651 0.900986981835 0.245082272540 0.893943643443 0.443328806561 
0.117694558123 0.426123062905 0.608328142216 0.776773867426 0.101459433487 0.888803993058 0.976174220362 0.546662716262 0.491711758375 0.175697625052 0.246142447817 0.000000000000 0.633442844627 0.365057717919 0.832197947165 0.787199884660 0.541305016661 1.029535290711 0.350597178414 0.607843957772 0.801506764749 0.238864571198 0.535690403723 0.560674673181 0.093542794536 0.348053205645 0.274404206546 0.563206729098 0.856492302689 0.212945546947 0.343465442402 0.779490604217 0.765013699900 0.089519838664 0.679927476349 0.509755969004 0.640887210914 0.216902994714 0.602942762939 0.324554956173 0.646250195962 0.488199639406 0.781451067863 0.605028099057 0.353171555455 0.673415138314 0.577368876182 0.301042559230 0.837705302933 0.532972455015 0.323051694985 0.706573441454 0.480442090981 0.286895031554 0.254428031505 0.556293612236 0.245743170886 0.740291353166 0.664687362938 0.567876209860 0.861380716231 0.200916203804 0.401689218397 0.163119474970 0.497114507680 0.328915221805 0.733075519802 0.710540183924 0.092661619328 0.802276500180 0.191543959255 0.671756578603 0.210720980070 0.374983119953 0.461830556141 0.734115217161 0.693323336496 0.213634708293 0.613935503808 0.802553419449 0.508444341914 0.761200483610 0.271741787029 0.272636857424 0.598429168214 0.543227962573 0.535211562903 0.055347507776 0.222860696926 0.187124135169 0.066182391133 0.362500759322 0.784197109748 0.726513263120 0.751026733007 0.636612945408 0.681073543654 0.257592431063 0.757369066125 0.431408694527 
0.516213549266 0.314918727920 0.143217221641 0.673323306175 0.558708706010 0.255486946144 0.343620238504 0.124191618165 0.570295257495 0.670448551356 0.784294612922 0.633442844627 0.000000000000 0.312004934686 0.224360352696 0.392349708545 0.360141129226 0.396532071514 0.319784243303 0.297451012981 0.681698940263 0.494767899415 0.132427673332 0.590626168839 0.578543626054 0.316208492431 0.691110240018 0.339201452012 0.223090133275 0.421066062201 0.299314030672 0.293018535687 0.374961019778 0.576750488682 0.588858614962 0.242077753439 0.230613189958 0.603320403114 0.629438441711 0.314344555578 0.352493083815 0.248054546082 0.151951555817 0.166332977520 0.404428231437 0.140207626621 0.688088083697 0.442821262949 0.255781011428 0.507850123575 0.332221967824 0.265545137411 0.250489926949 0.452611630965 0.632877089485 0.613310519407 0.409086902365 0.327977856104 0.082839027158 0.315042562697 0.237032619660 0.666796906592 0.244900396944 0.552185164956 0.525138030300 0.432697191775 0.359533192601 0.082083323590 0.705710362613 0.189265874576 0.442689313379 0.507324694243 0.604347569871 0.354941531859 0.212008001605 0.576467361257 0.337858746013 0.485752036181 0.264469271533 0.611030084351 0.260107396688 0.167418924050 0.602488917988 0.390257528068 0.525026639155 0.512487585228 0.402098915346 0.674429599868 0.734519644971 0.576263909930 0.571137392749 0.628912204636 0.259735140353 0.601140764797 0.117667060502 0.258547992304 0.338236123099 0.557439040510 0.129771974405 0.433959353821 
0.252795284060 0.079187838488 0.248226178157 0.767881604254 0.272194079051 0.558685876182 0.636793282182 0.280598121061 0.550168689987 0.363144007291 0.573083604955 0.365057717919 0.312004934686 0.000000000000 0.478571842881 0.433542676272 0.438110252133 0.690794973314 0.015359316390 0.445244776665 0.785602240453 0.183526600791 0.272744540404 0.365277388548 0.343824219477 0.022511744945 0.379183176227 0.223935150329 0.526240443939 0.169966751853 0.173673562867 0.414764847653 0.410779276752 0.289509618275 0.666061272472 0.329581748462 0.430073271196 0.291898718426 0.649484311862 0.080869226896 0.503974560666 0.313159818362 0.442901001751 0.242020251513 0.331527106185 0.405801292544 0.442572652457 0.328692944436 0.477329403337 0.531791178447 0.205662204878 0.493383053386 0.116025129931 0.140979937942 0.320922904186 0.379239466574 0.119314547074 0.380756409588 0.317581979945 0.219951427424 0.548740384752 0.472370828182 0.076401625980 0.352326384515 0.522394523917 0.127415145340 0.379600986925 0.394075506547 0.418718860323 0.500104122513 0.203973200784 0.612150058864 0.426303493487 0.064359557908 0.105397090681 0.688062433037 0.525288611780 0.309660900114 0.429926014463 0.744837395003 0.146728208233 0.406886130646 0.455254668622 0.092824776131 0.581086575736 0.302671026588 0.462198213003 0.393349361737 0.530674469638 0.267358305341 0.315316026350 0.327943875082 0.419471083652 0.698621982373 0.421724014034 0.442776582273 0.328905590293 0.409857601879 0.441604107736 0.415008373788 
0.714777103695 0.447435322502 0.231732931655 0.855733052090 0.747197120512 0.144045864670 0.175845928443 0.347460492786 0.788522319396 0.839247795614 1.001729577770 0.832197947165 0.224360352696 0.478571842881 0.000000000000 0.303846275203 0.569752900235 0.226583714769 0.490709987762 0.491948252072 0.859585185719 0.657040582832 0.356303697800 0.644780163550 0.787783323103 0.490600984512 0.839021405264 0.391970223869 0.128224648104 0.620258318425 0.514631779104 0.184541863504 0.298389849687 0.765003285574 0.782521411244 0.461161160349 0.413409783689 0.762137614248 0.838154094638 0.507701092736 0.537013744471 0.469662652754 0.091597467868 0.243093433912 0.628755482207 0.304984251318 0.746995270056 0.666188971564 0.057241891566 0.720471688769 0.550412305496 0.419030512801 0.377701313416 0.607163477322 0.782875202222 0.671170116274 0.592626332590 0.261581093995 0.168553912166 0.368694795116 0.197769236432 0.885796934734 0.430580648568 0.768438152874 0.742007274825 0.576318638327 0.303277660902 0.187309211000 0.895129395438 0.216794373959 0.646591676276 0.695892172865 0.824750573280 0.499274270232 0.374288072547 0.757185356654 0.505024020267 0.704115638357 0.457153072530 0.778604197291 0.365407431538 0.071690535326 0.825702263088 0.568934576754 0.728957569023 0.568627914001 0.612711753810 0.867297447263 0.952778732506 0.743032303119 0.773752823081 0.750547935300 0.136054167083 0.786326220940 0.135325452669 0.443213539833 0.316836032021 0.780191234240 0.174640052167 0.655715133976 
0.682365376283 0.362561132153 0.267938456487 1.062142238459 0.687416813546 0.447889575630 0.461857166684 0.492812099581 0.920426635672 0.730099413843 1.006305936661 0.787199884660 0.392349708545 0.433542676272 0.303846275203 0.000000000000 0.736107711603 0.502354081824 0.448901926845 0.686597585488 1.071889647676 0.560682025166 0.495787660043 0.405226012921 0.776726205477 0.454721539705 0.694730859560 0.226084753381 0.429945036199 0.603508051368 0.562011703904 0.120295935052 0.022844583104 0.702542146145 0.973084856512 0.609429166344 0.622933838271 0.644226121122 0.997947693579 0.502058803797 0.743640245504 0.607122847583 0.363785352804 0.251257818101 0.716947451677 0.527463858085 0.501283331130 0.733906199783 0.251975042497 0.873518340893 0.601902420084 0.654343085564 0.321276738299 0.507549812731 0.647973246178 0.432137320905 0.547487881562 0.065626880838 0.311530158972 0.219331041048 0.496185026410 0.905322196016 0.434877204579 0.784520508911 0.880959481431 0.466352861769 0.054226379226 0.419643007352 0.822170258948 0.497918866571 0.637390552693 0.895323648630 0.856472973887 0.412272032259 0.368035979113 0.966541545200 0.729990894778 0.735925907824 0.654919568660 1.003195373783 0.287645409225 0.279096197363 0.878821530157 0.519673224387 0.902077308254 0.343578207023 0.774991550245 0.804674962975 0.964217061631 0.641373328705 0.744805090959 0.577720464108 0.169156857384 0.989505777149 0.389956157144 0.650589772034 0.106131288967 0.832055239740 0.437071636129 0.777207041270 
0.456185354670 0.500677208958 0.468245992777 0.336331172369 0.522423675279 0.533892975268 0.628631726417 0.244151923069 0.226514446873 0.666152651631 0.574190114087 0.541305016661 0.360141129226 0.438110252133 0.569752900235 0.736107711603 0.000000000000 0.671003119428 0.431827682386 0.096302673810 0.351359031904 0.551265697279 0.240436682284 0.802768474808 0.452105252501 0.422334782423 0.733290640087 0.608658205356 0.510103246070 0.395850075670 0.274359433808 0.649323369908 0.715992496054 0.536360401437 0.239658197640 0.127341876358 0.172604149056 0.638457708354 0.269598005730 0.370242063588 0.108402157674 0.134090051085 0.481151069652 0.486109233597 0.188400882522 0.272603731508 0.879834926365 0.242395993643 0.610755240436 0.151043265092 0.260354628616 0.213801295901 0.477218763752 0.540769680009 0.681769368771 0.817322518924 0.442324825493 0.670497147023 0.441328184856 0.591154924249 0.472962010351 0.460455373683 0.373347813818 0.390572896124 0.178038713501 0.550186172657 0.694221847832 0.383184876271 0.633424154580 0.409532582666 0.388004642221 0.174578594046 0.396675529764 0.502439977953 0.412896183593 0.250668506830 0.163106242987 0.328620800380 0.125388184579 0.306937829861 0.507948171352 0.524330797101 0.360675387527 0.445996654433 0.166244610878 0.736353852158 0.043030337270 0.595993534165 0.524369285645 0.598359148037 0.478004374862 0.735236133023 0.619291576643 0.264579268343 0.436657225359 0.148235534179 0.659619627674 0.331945279075 0.408391405250 0.131245060983 
0.912057707044 0.668308676992 0.451131412682 0.893428981881 0.951673208067 0.144397290030 0.054005260608 0.500208017916 0.897484734486 1.053906629817 1.174646207128 1.029535290711 0.396532071514 0.690794973314 0.226583714769 0.502354081824 0.671003119428 0.000000000000 0.701501036745 0.578163581067 0.890493432620 0.872935462910 0.510925645053 0.869195175857 0.974576506494 0.699987380848 1.060162866373 0.618387866164 0.175157838674 0.816768172169 0.694558898315 0.393208766238 0.502934514544 0.969698023363 0.841669359425 0.591225109914 0.498574313118 0.979890943924 0.921789362500 0.707615057756 0.604291211416 0.606034963392 0.249158827892 0.465430995013 0.778234781621 0.403853241020 0.971243043930 0.824015611160 0.259598620268 0.818031503136 0.725315559183 0.472414205734 0.597993841096 0.825005839502 1.003230874914 0.895814461580 0.798960781107 0.474093989033 0.373242493975 0.595237276236 0.198057052805 1.055816238471 0.633721474361 0.944994412292 0.848946503784 0.796653194747 0.514868729752 0.323818001556 1.099507709300 0.261820447968 0.839143899654 0.753026744264 0.991585619929 0.718457713295 0.585403659889 0.798510758082 0.555964543204 0.877047784841 0.546049992226 0.800509061025 0.588924045868 0.292945255986 0.981766890083 0.777443491808 0.808714927210 0.793886704354 0.712571961934 1.069254231318 1.124120845791 0.957951801024 0.967607889871 0.975742096012 0.349625474880 0.832191158257 0.278895538602 0.524800971233 0.536679623820 0.939234667485 0.280898898739 0.782109531955 
0.237830572514 0.093422653527 0.261081159783 0.759946677363 0.258567320787 0.568344890587 0.647496445072 0.282561548045 0.538816926850 0.352890191501 0.557742444196 0.350597178414 0.319784243303 0.015359316390 0.490709987762 0.448901926845 0.431827682386 0.701501036745 0.000000000000 0.442153427267 0.778002782322 0.174983841397 0.274292689227 0.373099018154 0.328514755885 0.009740772349 0.372341997358 0.238750828369 0.535839376130 0.154607939637 0.164158472379 0.429554524527 0.426138574644 0.276010657592 0.657840756269 0.325942411081 0.429770214202 0.283536275309 0.639085433927 0.068852235513 0.500336512143 0.308880322603 0.453153089791 0.255573731861 0.320169839273 0.409369324309 0.448067138470 0.315745735876 0.490493248000 0.522226918189 0.194597078232 0.493783365745 0.131069025533 0.135411125767 0.314060752896 0.386219733633 0.104939880319 0.396051877216 0.328494824603 0.235116662434 0.556776012980 0.457056509408 0.079030562031 0.337084068031 0.511857766100 0.126443997292 0.394958255189 0.401851587798 0.405542276535 0.507067377993 0.188631065475 0.605433251319 0.411202088708 0.071810679240 0.116641199937 0.681217125608 0.523227567623 0.294962317488 0.427928565801 0.738742274197 0.162038874014 0.419022648287 0.440618883309 0.079028616175 0.572480333326 0.312323797168 0.454806411474 0.379663761360 0.515315268617 0.257518494575 0.300304070813 0.326187221300 0.433688355937 0.691105116415 0.430918506411 0.441516202165 0.344246583047 0.395366236215 0.449538702063 0.404791919295 
0.512145358570 0.496587503758 0.422658395284 0.376050039973 0.575801206323 0.443694849899 0.537410169903 0.199612420578 0.320379531382 0.716851962391 0.662964183969 0.607843957772 0.297451012981 0.445244776665 0.491948252072 0.686597585488 0.096302673810 0.578163581067 0.442153427267 0.000000000000 0.385292138876 0.583480548750 0.200192395393 0.801705112501 0.522962474160 0.433373466428 0.774856852767 0.585811297448 0.421656871354 0.439344394801 0.302481979984 0.590467073980 0.667903278212 0.591233759682 0.292802377456 0.116794837955 0.080961391898 0.679150284474 0.349153770858 0.389392468318 0.060946912691 0.135967333180 0.401269891395 0.442982836530 0.263298620768 0.187908097833 0.885939632054 0.318578260918 0.537013227636 0.239898876621 0.300904306387 0.117880210245 0.460521014681 0.564509932385 0.720432759397 0.818872457926 0.474220126915 0.621297618635 0.380289899417 0.565709791205 0.380246068098 0.546922658105 0.372759199710 0.466516322861 0.271790492472 0.566854821644 0.649195127777 0.304816986348 0.698224188144 0.317926624245 0.438479298702 0.209878686966 0.481897186636 0.508641122900 0.397559378977 0.279944691196 0.086996404576 0.400397775618 0.034797821408 0.320485637920 0.487313917968 0.453513131583 0.450729872896 0.472326018306 0.237829420045 0.730519319367 0.135363756369 0.661162149183 0.612507415573 0.640845093753 0.542566618446 0.761155198335 0.555908403579 0.303727872659 0.356871570159 0.053362667757 0.620015272019 0.418469552376 0.323866810917 0.223915189695 
0.749313260336 0.851093723412 0.807225042081 0.026510925222 0.815925580140 0.779476908441 0.862523896439 0.582180491888 0.313014302792 0.957338786978 0.728899069263 0.801506764749 0.681698940263 0.785602240453 0.859585185719 1.071889647676 0.351359031904 0.890493432620 0.778002782322 0.385292138876 0.000000000000 0.876559188831 0.581078301454 1.150867681706 0.708317033206 0.768332642356 1.039164891316 0.959255271523 0.765944718147 0.714265801660 0.615410832031 0.974233201534 1.053153146544 0.825872167411 0.124568616950 0.475309376410 0.453252655624 0.948954447177 0.211102017333 0.713040211232 0.329322536227 0.484841963728 0.768113674062 0.827010752702 0.482633247446 0.558512380791 1.223773209754 0.519015721319 0.909652118289 0.273413492519 0.592623238067 0.440848646961 0.828414097887 0.875316174336 0.993988377427 1.164173659873 0.772072713359 1.006579630705 0.764381749392 0.941121565153 0.707385036312 0.648360312143 0.723820347850 0.638482583944 0.304847452673 0.890403070445 1.034080204732 0.677608686258 0.891719549051 0.656912898615 0.696710482348 0.178729168535 0.603478207335 0.849524962797 0.764088189176 0.105349342683 0.354575064658 0.599663025018 0.417347973953 0.092462305908 0.858720663110 0.830839691213 0.544997494097 0.780988206946 0.211477845360 1.086315787030 0.323453434834 0.855839454687 0.690894073728 0.907536153687 0.749388724414 1.063251342922 0.937724478246 0.087061657120 0.725529688940 0.424136466887 1.003422822895 0.546011537923 0.685158764935 0.390416722794 
0.167840440474 0.214174576829 0.425308672788 0.855339585727 0.138295869453 0.742075944820 0.818976321416 0.448995486616 0.597880527749 0.182347230227 0.480616696557 0.238864571198 0.494767899415 0.183526600791 0.657040582832 0.560682025166 0.551265697279 0.872935462910 0.174983841397 0.583480548750 0.876559188831 0.000000000000 0.439675043523 0.333584780202 0.265014018398 0.178898960877 0.199361607324 0.334597409357 0.709664938894 0.162667138815 0.281338593891 0.570318775611 0.539290309433 0.149467404660 0.752340786415 0.467694135159 0.585749382467 0.108552508252 0.708035390829 0.199496057912 0.636933132245 0.447636330365 0.625866737860 0.415428051354 0.394307466676 0.578814844483 0.371952537451 0.365136922372 0.650500648558 0.605880297620 0.290949008329 0.651980276035 0.280861423319 0.053566461162 0.141546500314 0.334289071465 0.109550930728 0.520196374344 0.499829529121 0.343412777365 0.731754909585 0.407721154555 0.251808074625 0.308770138742 0.583718093744 0.094369721814 0.507354691748 0.576832988479 0.261537117721 0.681735475145 0.185169948701 0.715920414664 0.384823315444 0.160184992055 0.288191236653 0.788896324861 0.668938823112 0.303137729947 0.575727911140 0.852210088908 0.300437415261 0.585654467804 0.433656311815 0.113474312284 0.665191252904 0.306545657624 0.563818205149 0.246127922504 0.449370185799 0.086302986838 0.217890975355 0.186695384879 0.583806123849 0.792108894332 0.605250282327 0.592824362559 0.455540975040 0.397675938935 0.624521627738 0.486622655031 
0.422079286592 0.308786400527 0.228137936052 0.569397670113 0.474063821455 0.366587503253 0.460281083868 0.011048951357 0.440303269041 0.600880383874 0.663728734369 0.535690403723 0.132427673332 0.272744540404 0.356303697800 0.495787660043 0.240436682284 0.510925645053 0.274292689227 0.200192395393 0.581078301454 0.439675043523 0.000000000000 0.611117120966 0.470062733239 0.267300184191 0.638846669447 0.386180694667 0.336020132813 0.330642877132 0.192240372506 0.410604951351 0.475852228659 0.491685433946 0.477747132880 0.114975870313 0.161818358605 0.545325166921 0.505900791531 0.241525096225 0.260827622348 0.117282471081 0.278369844162 0.246755683392 0.273638947437 0.141302323623 0.700309281833 0.315051533833 0.387837909683 0.382405940179 0.217420672005 0.221825409469 0.264230392418 0.408072353629 0.581217513625 0.630107348313 0.338444851018 0.430163766161 0.206851753952 0.365707674811 0.328710175132 0.544908722088 0.196342938062 0.435131483356 0.396270324704 0.400048581559 0.454783743387 0.187886999716 0.615852501481 0.267486739171 0.345042236022 0.402717098529 0.480875273742 0.331220251244 0.203774336160 0.476289732191 0.266112568968 0.366590337642 0.174404710358 0.520368233792 0.288844148693 0.299337638012 0.474371236563 0.326873698134 0.406609848637 0.537309411428 0.280133886156 0.581852623253 0.613198271128 0.512294789584 0.470625896622 0.600374567438 0.383591235195 0.496638791058 0.237988039383 0.180258234647 0.422422065937 0.430364666021 0.230277584486 0.302139047818 
